-1 7 0
-1 8 0
-1 14 0
-1 47 0
-1 48 0
-1 63 0
-1 65 0
-2 17 0
-2 26 0
-2 60 0
-2 66 0
-3 1 0
-3 23 0
-3 66 0
-4 63 0
-6 5 0
-6 66 0
-7 69 0
-9 33 0
-12 23 0
-13 5 0
-15 24 0
-15 41 0
-15 72 0
-16 15 0
-16 18 0
-16 23 0
-16 25 0
-16 42 0
-16 47 0
-16 51 0
-16 53 0
-16 54 0
-16 57 0
-16 60 0
-16 67 0
-17 10 0
-17 25 0
-17 37 0
-17 44 0
-17 52 0
-18 17 0
-18 18 0
-18 20 0
-18 25 0
-18 42 0
-18 52 0
-18 55 0
-18 65 0
-19 17 0
-19 20 0
-19 44 0
-19 46 0
-19 50 0
-19 53 0
-19 67 0
-19 72 0
-20 23 0
-20 26 0
-20 59 0
-20 66 0
-30 41 1
-30 61 1
-32 41 1
-32 61 1
1 9 0
1 16 0
1 38 0
1 56 0
1 69 0
1 72 0
2 9 0
3 16 0
4 26 0
5 69 0
10 27 0
13 17 0
13 72 0
16 3 0
16 7 0
16 10 0
16 17 0
16 22 0
16 23 0
16 26 0
16 32 0
16 35 0
16 44 0
16 46 0
16 47 0
16 48 0
16 62 0
16 64 0
16 71 0
16 72 0
17 4 0
17 49 0
17 50 0
17 53 0
18 4 0
18 5 0
18 16 0
18 17 0
18 46 0
18 56 0
18 66 0
19 4 0
19 5 0
19 9 0
19 17 0
19 28 0
19 38 0
19 47 0
19 52 0
19 53 0
19 61 0
19 66 0
20 4 0
20 17 0
20 18 0
20 22 0
20 28 0
20 39 0
20 41 0
20 47 0
20 50 0
20 53 0
21 5 0
21 6 0
28 23 0
28 24 0
28 37 0
28 38 0
29 1 1
29 29 1
29 53 1
29 65 1
30 1 1
30 29 1
30 49 1
30 53 1
30 61 1
30 65 1
30 69 1
31 1 1
31 29 1
31 53 1
31 65 1
32 1 1
32 29 1
32 49 1
32 53 1
32 61 1
32 65 1
32 69 1
-1 7 0
-1 23 0
-1 51 0
-1 66 0
-2 17 0
-2 60 0
-3 21 0
-3 23 0
-3 61 0
-4 24 0
-4 29 0
-6 20 0
-8 23 0
-12 23 0
-16 13 0
-16 14 0
-16 15 0
-16 18 0
-16 25 0
-16 28 0
-16 32 0
-16 35 0
-16 42 0
-16 46 0
-16 47 0
-16 52 0
-16 56 0
-16 60 0
-16 69 0
-17 2 0
-17 14 0
-17 52 0
-17 65 0
-17 67 0
-18 1 0
-18 18 0
-18 19 0
-18 20 0
-18 24 0
-18 38 0
-18 52 0
-18 65 0
-19 2 0
-19 13 0
-19 17 0
-19 18 0
-19 20 0
-19 21 0
-19 56 0
-19 60 0
-19 67 0
-19 68 0
-20 1 0
-20 18 0
-20 25 0
-29 1 1
-30 1 1
-31 1 1
-32 1 1
1 9 0
1 16 0
1 62 0
1 71 0
2 7 0
2 17 0
2 32 0
3 23 0
4 48 0
4 51 0
8 60 0
10 45 0
12 4 0
12 62 0
16 2 0
16 4 0
16 7 0
16 10 0
16 16 0
16 22 0
16 26 0
16 30 0
16 31 0
16 52 0
16 53 0
16 62 0
16 63 0
17 17 0
17 19 0
17 50 0
17 53 0
18 26 0
18 47 0
18 52 0
19 2 0
19 17 0
19 20 0
19 53 0
19 69 0
20 12 0
20 15 0
20 17 0
20 56 0
20 69 0
20 71 0
21 5 0
21 6 0
22 11 0
22 12 0
26 3 0
26 4 0
26 23 0
26 24 0
27 3 0
27 4 0
29 1 1
29 45 1
29 65 1
29 69 1
30 1 1
30 29 1
30 45 1
30 49 1
30 65 1
30 69 1
31 1 1
31 45 1
31 65 1
31 69 1
32 1 1
32 29 1
32 45 1
32 49 1
32 65 1
32 69 1
-1 30 0
-1 33 0
-1 60 0
-1 63 0
-1 64 0
-2 40 0
-2 60 0
-2 66 0
-3 17 0
-4 24 0
-4 30 0
-4 55 0
-5 20 0
-5 30 0
-7 3 0
-7 69 0
-9 33 0
-9 60 0
-10 60 0
-11 30 0
-13 60 0
-16 6 0
-16 13 0
-16 23 0
-16 52 0
-16 53 0
-16 58 0
-16 60 0
-16 67 0
-17 20 0
-17 43 0
-17 52 0
-17 65 0
-17 67 0
-18 18 0
-18 19 0
-18 20 0
-18 24 0
-18 49 0
-18 52 0
-18 72 0
-19 18 0
-19 25 0
-19 48 0
-19 52 0
-19 67 0
-19 72 0
-20 6 0
-20 13 0
-20 67 0
-20 72 0
-30 5 1
-32 5 1
1 16 0
1 40 0
1 60 0
1 71 0
2 32 0
2 60 0
2 63 0
4 16 0
4 29 0
4 37 0
4 48 0
4 54 0
4 69 0
5 69 0
6 16 0
12 3 0
13 3 0
13 64 0
16 3 0
16 6 0
16 9 0
16 16 0
16 17 0
16 29 0
16 52 0
16 62 0
16 64 0
16 66 0
16 72 0
17 17 0
17 62 0
17 69 0
18 4 0
18 53 0
18 56 0
19 3 0
19 4 0
19 5 0
19 15 0
19 17 0
19 26 0
19 28 0
19 53 0
19 54 0
19 55 0
19 72 0
20 5 0
20 15 0
20 18 0
20 39 0
20 53 0
20 60 0
20 66 0
20 70 0
20 71 0
29 5 1
30 5 1
30 9 1
30 13 1
30 25 1
31 5 1
32 5 1
32 9 1
32 13 1
32 25 1
-1 7 0
-1 8 0
-1 14 0
-1 27 0
-1 51 0
-2 17 0
-3 3 0
-3 23 0
-4 29 0
-6 17 0
-6 60 0
-7 31 0
-7 69 0
-8 1 0
-8 17 0
-12 17 0
-14 60 0
-16 3 0
-16 13 0
-16 18 0
-16 19 0
-16 20 0
-16 24 0
-16 32 0
-16 48 0
-16 54 0
-16 60 0
-16 65 0
-16 67 0
-16 70 0
-17 7 0
-17 35 0
-17 52 0
-17 65 0
-17 72 0
-18 5 0
-18 18 0
-18 24 0
-18 30 0
-18 42 0
-18 49 0
-18 52 0
-18 59 0
-19 18 0
-19 20 0
-19 30 0
-19 52 0
-19 66 0
-19 67 0
-20 5 0
-20 17 0
-20 27 0
-20 59 0
-28 67 0
-28 68 0
-29 5 1
-29 9 1
-29 13 1
-29 17 1
-29 21 1
-29 25 1
-30 5 1
-30 9 1
-30 13 1
-30 17 1
-30 21 1
-30 25 1
-31 5 1
-31 9 1
-31 13 1
-31 17 1
-31 21 1
-31 25 1
-32 5 1
-32 9 1
-32 13 1
-32 17 1
-32 21 1
-32 25 1
1 11 0
1 16 0
1 31 0
1 60 0
1 72 0
2 32 0
3 13 0
3 17 0
4 33 0
5 69 0
8 17 0
9 10 0
9 14 0
13 17 0
13 60 0
15 64 0
16 2 0
16 4 0
16 5 0
16 10 0
16 17 0
16 18 0
16 29 0
16 33 0
16 36 0
16 43 0
16 52 0
16 54 0
16 62 0
16 64 0
16 69 0
16 72 0
17 5 0
17 17 0
17 30 0
17 35 0
17 53 0
17 61 0
18 4 0
18 17 0
18 33 0
18 47 0
18 50 0
19 2 0
19 3 0
19 9 0
19 12 0
19 17 0
19 25 0
19 27 0
19 44 0
19 60 0
19 61 0
19 67 0
20 22 0
20 56 0
20 71 0
29 17 1
29 21 1
30 5 1
30 9 1
30 17 1
30 21 1
30 25 1
31 17 1
31 21 1
32 5 1
32 9 1
32 17 1
32 21 1
32 25 1
-1 8 0
-1 23 0
-1 30 0
-1 60 0
-2 17 0
-2 60 0
-3 1 0
-3 23 0
-3 30 0
-3 51 0
-4 3 0
-4 24 0
-4 27 0
-4 60 0
-5 57 0
-9 33 0
-10 60 0
-11 41 0
-16 8 0
-16 15 0
-16 20 0
-16 23 0
-16 24 0
-16 25 0
-16 33 0
-16 48 0
-16 51 0
-16 54 0
-16 56 0
-16 58 0
-16 62 0
-16 69 0
-16 72 0
-17 34 0
-17 45 0
-17 47 0
-17 67 0
-18 1 0
-18 11 0
-18 21 0
-18 24 0
-18 52 0
-19 20 0
-19 33 0
-19 47 0
-19 52 0
-19 54 0
-19 61 0
-19 67 0
-19 69 0
-19 72 0
-20 4 0
-20 17 0
-20 33 0
-20 66 0
-20 72 0
-23 51 0
-23 52 0
-26 59 0
-26 60 0
-28 63 0
-28 64 0
-30 5 1
-30 9 1
-30 13 1
-30 25 1
-32 5 1
-32 9 1
-32 13 1
-32 25 1
1 9 0
1 16 0
1 24 0
1 32 0
1 60 0
1 62 0
1 64 0
3 17 0
4 33 0
5 32 0
7 37 0
7 69 0
8 58 0
16 2 0
16 3 0
16 17 0
16 26 0
16 30 0
16 33 0
16 53 0
17 7 0
17 53 0
17 62 0
17 66 0
18 5 0
18 17 0
18 30 0
18 53 0
18 55 0
18 56 0
18 57 0
18 60 0
18 72 0
19 4 0
19 5 0
19 17 0
19 33 0
19 37 0
19 46 0
19 47 0
19 51 0
19 53 0
19 63 0
19 67 0
19 70 0
20 9 0
20 19 0
20 56 0
20 59 0
26 61 0
26 62 0
30 5 1
30 9 1
30 13 1
30 17 1
32 5 1
32 9 1
32 13 1
32 17 1
